[general]
afcad_path = G:\Prepar3D v5\Addon scenery\Misc_airport\scenery\RKJK_ADEP4_JHH.bgl

[parking 1]
nopassengerstairs = 0
nopassengerbus = 1
ignoreicaoprefixes = 0
ignorepreferredexit = 0
snapleftpushbackpos = 1
snaprightpushbackpos = 1
undergroundrefueling = 0
dontcreatejetways = 0
disablepaxbarriers = 0
parkingsystem = 1
hasjetway = 0
pushback = 0
pushbackaddpos = []
pushbacklabels = Nose Right/Tail Left (LEFT)|Nose Left/Tail Right (RIGHT)
maxwingspan = 46.0
radiusleft = 23.0
radiusright = 18.4
loadertype = 3 3 2
airlinecodes = 
type = 9
handlingtexture = 
cateringtexture = 
passengerpaththickness = 1.0
usercustomized = 1
passengerentergatepos = (35.92589908987936, 126.61528244995145)
pushback_pos = 35.9257537328126 126.615150461884 133.002899169922
baggage_loader_front_pos = 35.9257688100057 126.615468559556 142.502899169922
baggage_loader_rear_pos = 35.9257683355062 126.615408051373 165.502899169922
baggage_train_front_pos = 35.9256795602367 126.615251957507 93.0028991699219
stairs_front_pos = 35.9253256114434 126.615377416336 20.0028991699219
this_parking_pos = 35.9255164084712 126.615581513276 -87.337100830079
parkingsystem_objectposition = 35.9255319836757 126.615193411894 93.0028991699219 0
parkingsystem_stopposition = 35.9255208999838 126.615455474744

[parking 2]
nopassengerstairs = 0
nopassengerbus = 1
ignoreicaoprefixes = 0
ignorepreferredexit = 0
snapleftpushbackpos = 1
snaprightpushbackpos = 1
undergroundrefueling = 0
dontcreatejetways = 0
disablepaxbarriers = 0
parkingsystem = 1
hasjetway = 0
pushback = 0
pushbackaddpos = []
pushbacklabels = Nose Right/Tail Left (LEFT)|Nose Left/Tail Right (RIGHT)
maxwingspan = 46.0
radiusleft = 23.0
radiusright = 18.4
loadertype = 3 3 2
airlinecodes = 
type = 9
handlingtexture = 
cateringtexture = 
passengerpaththickness = 1.0
usercustomized = 1
passengerentergatepos = (35.92586989162855, 126.61584387789172)
pushback_pos = 35.9246001196504 126.616548968739 -87.6113433837917
baggage_loader_front_pos = 35.9246248057498 126.616045468056 -27.6113433837892
baggage_loader_rear_pos = 35.9246239487633 126.615981147253 -54.6113433837891
baggage_train_front_pos = 35.9246893569092 126.616583540472 -87.6113433837891
baggage_train_rear_pos = 35.9246564267541 126.616581511995 -87.6113433837891
stairs_front_pos = 35.9250348319177 126.615948678703 177.38865661621
this_parking_pos = 35.9248029406193 126.61583379781 81.5586566162111
parkingsystem_objectposition = 35.9248501077904 126.616216972892 -98.6113433837891 0
parkingsystem_stopposition = 35.9248181404896 126.61595967486

